0.2470048666
-0.0
0.427105218172
-0.0
-0.0
0.0114000989124
0.0917926058173
-0.0
-0.0
-0.0
-0.0
-0.0
0.124771535397
-0.0
-0.0
-0.0
-0.0
-0.0
-0.0
0.00346702476963
0.00422986177728
-0.0
-0.0
-0.0
-0.0
-0.0
0.00815336965024
-0.0
0.0323784947395
-0.0
-0.0
-0.0
-0.0
-0.0
-0.0
-0.0
-0.0
-0.0
-0.0
-0.0
-0.0
-0.0
-0.0
-0.0
-0.0
-0.0
-0.0
-0.0
0.0146776568145
0.090740814805
-0.0
-0.0
-0.0
-0.0
-0.0
-0.0
-0.0
0.00389325805008
-0.0
-0.0
-0.0
0.0142342969775
-0.0
0.17362780869
0.0527090057731
-0.0
-0.0
-0.0
-0.0
-0.0
-0.0
-0.0
-0.0
-0.0
-0.0
-0.0
-0.0
-0.0
-0.0
-0.0
-0.0
0.00678059831262
-0.0
-0.0
-0.0
-0.0
-0.0
-0.0
-0.0
0.0360091514885
-0.0
0.102209284902
-0.0
-0.0
-0.0
-0.0
-0.0
-0.0
0.00966693460941
-0.0
-0.0
0.357953876257
-0.0
-0.0
-0.0
-0.0
-0.0
-0.0
-0.0
-0.0
-0.0
-0.0
-0.0
0.0604020245373
-0.0
0.161281511188
0.0269082970917
0.0115933679044
-0.0
-0.0
-0.0
-0.0
0.0354600921273
-0.0
0.706436991692
-0.0
-0.0
-0.0
-0.0
0.00596010778099
-0.0
0.0138945393264
-0.0
-0.0
0.195941537619
-0.0
-0.0
-0.0
-0.0
-0.0
-0.0
-0.0
-0.0
-0.0
0.376089215279
0.00504868617281
-0.0
-0.0
0.00969074107707
-0.0
-0.0
-0.0
-0.0
0.00455729989335
-0.0
-0.0
-0.0
-0.0
-0.0
-0.0
0.1320348382
-0.0
0.0116106839851
0.0172833614051
-0.0
0.0247890837491
0.0155711555853
0.00871787779033
0.0595836751163
-0.0
0.0144670270383
-0.0
0.00181150285061
-0.0
0.0417456664145
-0.0
-0.0
0.00714871892706
0.00413103308529
0.0140953361988
0.07641749084
-0.0
-0.0
-0.0
-0.0
-0.0
0.056925304234
-0.0
-0.0
-0.0
0.022401439026
-0.0
-0.0
-0.0
-0.0
-0.0
0.0129831479862
-0.0
0.0228913873434
-0.0
-0.0
-0.0
-0.0
-0.0
0.161601230502
-0.0
-0.0
-0.0
-0.0
-0.0
0.108650878072
-0.0
-0.0
0.018395729363
-0.0
-0.0
0.0472083576024
-0.0
0.0337806455791
0.0120812160894
-0.0
-0.0
-0.0
-0.0
-0.0
-0.0
-0.0
-0.0
-0.0
-0.0
-0.0
-0.0
-0.0
-0.0
-0.0
-0.0
0.750878274441
0.144175454974
-0.0
-0.0
0.0696572586894
-0.0
-0.0
-0.0
-0.0
-0.0
-0.0
0.011521037668
-0.0
0.0184615869075
-0.0
-0.0
-0.0
0.00162334891502
0.18821580708
0.0260069519281
-0.0
-0.0
-0.0
-0.0
-0.0
-0.0
-0.0
-0.0
0.0267495661974
-0.0
-0.0
-0.0
-0.0
-0.0
-0.0
0.00903827697039
-0.0
-0.0
0.0640992745757
-0.0
-0.0
-0.0
-0.0
-0.0
0.0947924852371
-0.0
0.116707406938
-0.0
-0.0
-0.0
-0.0
0.00747283827513
-0.0
-0.0
0.155494809151
-0.0
-0.0
0.0623215958476
-0.0
-0.0
-0.0
-0.0
-0.0
-0.0
-0.0
-0.0
0.0503950752318
-0.0
-0.0
-0.0
0.0336119942367
-0.0
-0.0
-0.0
-0.0
-0.0
-0.0
-0.0
0.0949592217803
-0.0
-0.0
0.0184510424733
-0.0
-0.0
-0.0
0.0959084406495
-0.0
-0.0
0.0677555799484
-0.0
-0.0
-0.0
-0.0
-0.0
0.0138594675809
0.0276876073331
0.424238473177
-0.0
-0.0
-0.0
-0.0
-0.0
-0.0
-0.0
0.0185215845704
-0.0
-0.0
-0.0
-0.0
-0.0
-0.0
-0.0
-0.0
-0.0
0.128079935908
-0.0
0.0417412146926
-0.0
0.000626875669695
-0.0
-0.0
-0.0
-0.0
-0.0
-0.0
-0.0
-0.0
-0.0
0.0319820195436
-0.0
-0.0
-0.0
0.0728717818856
0.0243737138808
0.00114053976722
-0.0
-0.0
-0.0
-0.0
-0.0
-0.0
-0.0
-0.0
-0.0
-0.0
0.0970092862844
0.146602258086
-0.0
-0.0
-0.0
0.0139440093189
-0.0
-0.0
0.00824041571468
-0.0
0.0367185249925
0.00457426114008
-0.0
-0.0
-0.0
0.150759145617
-0.0
-0.0
-0.0
-0.0
-0.0
0.0276121590286
-0.0
-0.0
0.0600442066789
0.0329004265368
-0.0
-0.0
-0.0
0.0231462847441
-0.0
-0.0
-0.0
-0.0
-0.0
-0.0
0.0128363836557
-0.0
0.00779020925984
-0.0
-0.0
-0.0
-0.0
-0.0
-0.0
-0.0
-0.0
-0.0
-0.0
0.0285160187632
-0.0
0.0551939643919
0.00776763726026
0.040959764272
-0.0
-0.0
-0.0
0.146972864866
-0.0
-0.0
0.115075021982
-0.0
-0.0
-0.0
-0.0
-0.0
-0.0
0.0462347455323
-0.0
-0.0
-0.0
-0.0
-0.0
-0.0
-0.0
-0.0
-0.0
-0.0
-0.0
0.0365128666162
-0.0
0.0333371423185
-0.0
0.0283281262964
-0.0
-0.0
-0.0
-0.0
-0.0
-0.0
-0.0
-0.0
-0.0
-0.0
0.0904242321849
-0.0
-0.0
0.0307358726859
-0.0
-0.0
-0.0
-0.0
-0.0
-0.0
-0.0
-0.0
0.00319936452433
0.000808486132883
0.0613611117005
-0.0
-0.0
-0.0
-0.0
-0.0
-0.0
-0.0
-0.0
-0.0
0.0648743584752
-0.0
-0.0
-0.0
-0.0
-0.0
-0.0
-0.0
-0.0
0.0343280471861
-0.0
-0.0
0.134637400508
-0.0
-0.0
-0.0
-0.0
0.123123660684
-0.0
-0.0
-0.0
-0.0
0.106502756476
-0.0
0.083882920444
-0.0
-0.0
-0.0
-0.0
-0.0
-0.0
-0.0
-0.0
-0.0
-0.0
-0.0
-0.0
-0.0
-0.0
-0.0
-0.0
0.0529146008193
-0.0
-0.0
-0.0
-0.0
-0.0
-0.0
-0.0
-0.0
-0.0
0.00432717241347
0.201120004058
-0.0
-0.0
-0.0
-0.0
0.114286318421
-0.0
-0.0
-0.0
-0.0
-0.0
-0.0
0.0707930102944
0.0129959573969
-0.0
-0.0
-0.0
0.0040503628552
-0.0
-0.0
-0.0
0.0128020830452
-0.0
-0.0
0.188772246242
0.0676285028458
0.847650706768
0.0111693209037
-0.0
-0.0
-0.0
-0.0
0.036261536181
-0.0
-0.0
0.297805726528
-0.0
-0.0
-0.0
-0.0
-0.0
-0.0
-0.0
-0.0
-0.0
-0.0
-0.0
0.0410185083747
-0.0
-0.0
-0.0
-0.0
0.0438295938075
-0.0
-0.0
-0.0
0.00038683184539
-0.0
-0.0
-0.0
-0.0
-0.0
-0.0
-0.0
-0.0
0.251284837723
-0.0
-0.0
-0.0
-0.0
-0.0
-0.0
0.190876305103
-0.0
-0.0
-0.0
0.038764461875
0.0575808286667
0.012915908359
-0.0
-0.0
-0.0
0.00365626206622
-0.0
-0.0
0.306696325541
-0.0
0.102072812617
-0.0
-0.0
-0.0
-0.0
-0.0
0.0522291176021
-0.0
-0.0
-0.0
-0.0
0.0879943817854
-0.0
-0.0
-0.0
0.00785225629807
-0.0
0.0183668024838
0.110320188105
0.0325714275241
-0.0
0.193185612559
-0.0
-0.0
-0.0
-0.0
-0.0
-0.0
0.77786898613
-0.0
-0.0
0.0581972673535
-0.0
0.0654682517052
-0.0
-0.0
-0.0
0.105831988156
-0.0
-0.0
-0.0
0.00859051756561
-0.0
0.0720611810684
0.104972578585
-0.0
-0.0
-0.0
-0.0
-0.0
-0.0
-0.0
-0.0
-0.0
-0.0
-0.0
-0.0
0.0790814459324
-0.0
-0.0
-0.0
-0.0
-0.0
0.0136552602053
0.0567038208246
-0.0
-0.0
-0.0
-0.0
0.12379924953
-0.0
-0.0
-0.0
-0.0
-0.0
-0.0
0.0975470170379
0.0844559445977
-0.0
-0.0
-0.0
0.511297225952
-0.0
-0.0
0.143999561667
-0.0
-0.0
-0.0
-0.0
-0.0
0.0332509540021
-0.0
-0.0
0.00300531391986
-0.0
0.0508657693863
-0.0
0.0595799386501
0.0792854875326
-0.0
-0.0
-0.0
-0.0
-0.0
0.120520323515
0.134864553809
-0.0
-0.0
-0.0
0.0550394207239
0.00222907704301
-0.0
-0.0
-0.0
-0.0
-0.0
0.00831921212375
-0.0
0.0099237440154
-0.0
-0.0
-0.0
-0.0
-0.0
0.202978461981
-0.0
0.0137752518058
-0.0
-0.0
-0.0
0.00277459574863
-0.0
-0.0
-0.0
-0.0
-0.0
-0.0
-0.0
-0.0
-0.0
0.0606660842896
0.0407627336681
0.183379724622
-0.0
-0.0
-0.0
-0.0
-0.0
-0.0
-0.0
-0.0
-0.0
-0.0
-0.0
0.0122255245224
-0.0
0.037745449692
-0.0
0.00887074507773
-0.0
-0.0
-0.0
-0.0
-0.0
-0.0
-0.0
-0.0
-0.0
-0.0
-0.0
-0.0
0.00351846171543
-0.0
-0.0
-0.0
0.0887234583497
-0.0
0.647864282131
-0.0
-0.0
-0.0
-0.0
-0.0
-0.0
0.0247331578285
-0.0
0.99500977993
-0.0
-0.0
-0.0
0.214844763279
0.122517578304
-0.0
-0.0
0.000843632908072
-0.0
0.0353525727987
-0.0
-0.0
-0.0
-0.0
-0.0
-0.0
-0.0
-0.0
-0.0
-0.0
-0.0
-0.0
-0.0
-0.0
-0.0
-0.0
-0.0
-0.0
0.0109692113474
-0.0
0.000985792954452
-0.0
-0.0
-0.0
-0.0
0.0130445677787
-0.0
-0.0
-0.0
-0.0
0.0380326919258
-0.0
0.00495640560985
-0.0
-0.0
0.0297137144953
-0.0
-0.0
0.0590617917478
-0.0
-0.0
-0.0
-0.0
-0.0
-0.0
-0.0
0.241762697697
-0.0
0.169504612684
-0.0
-0.0
-0.0
0.113056354225
-0.0
-0.0
-0.0
0.0254958458245
-0.0
-0.0
0.0139928916469
-0.0
-0.0
-0.0
-0.0
0.047694157809
-0.0
-0.0
0.0117531782016
-0.0
0.0476859919727
-0.0
-0.0
-0.0
-0.0
0.0290712825954
0.0453145094216
-0.0
-0.0
-0.0
-0.0
-0.0
-0.0
-0.0
0.0151009270921
-0.0
0.00110884383321
-0.0
-0.0
-0.0
-0.0
0.000191188868484
0.00238664797507
0.0137601774186
-0.0
-0.0
-0.0
0.0381548814476
-0.0
-0.0
0.048826944083
-0.0
-0.0
0.0339345820248
-0.0
-0.0
0.0239487141371
-0.0
-0.0
-0.0
-0.0
-0.0
-0.0
-0.0
-0.0
0.0442654900253
-0.0
-0.0
0.0327787473798
0.00981278438121
-0.0
-0.0
-0.0
-0.0
-0.0
0.00608483701944
-0.0
-0.0
0.0139442551881
-0.0
-0.0
-0.0
-0.0
-0.0
-0.0
-0.0
-0.0
-0.0
-0.0
-0.0
-0.0
-0.0
-0.0
0.00937105715275
-0.0
-0.0
-0.0
-0.0
-0.0
-0.0
-0.0
-0.0
-0.0
-0.0
-0.0
-0.0
-0.0
0.0657884702086
-0.0
-0.0
0.0511250980198
0.0590220242739
-0.0
-0.0
0.00710591301322
0.0401241332293
-0.0
-0.0
-0.0
-0.0
-0.0
-0.0
-0.0
-0.0
-0.0
0.00464299228042
0.0188901461661
-0.0
-0.0
-0.0
-0.0
-0.0
0.00099586462602
-0.0
-0.0
0.0555408447981
-0.0
-0.0
0.0101521499455
-0.0
0.498508572578
-0.0
-0.0
-0.0
0.328283637762
-0.0
-0.0
-0.0
-0.0
-0.0
-0.0
-0.0
-0.0
-0.0
-0.0
0.0209805313498
0.0126796383411
0.029246263206
-0.0
0.0547713860869
-0.0
-0.0
-0.0
-0.0
-0.0
-0.0
-0.0
0.0210215616971
0.0485138520598
-0.0
0.00429946137592
0.535776555538
0.102212436497
0.0200644750148
-0.0
-0.0
-0.0
-0.0
-0.0
0.0307403765619
-0.0
-0.0
-0.0
0.000368536188034
-0.0
-0.0
-0.0
-0.0
-0.0
0.188792020082
1.29515206814
-0.0
-0.0
0.0201105102897
-0.0
0.00325668300502
-0.0
-0.0
0.00110652623698
0.110683776438
-0.0
0.0883388370275
-0.0
-0.0
-0.0
-0.0
0.0753771588206
-0.0
-0.0
-0.0
-0.0
-0.0
0.0948424115777
-0.0
-0.0
-0.0
-0.0
-0.0
-0.0
-0.0
0.00591768836603
-0.0
-0.0
-0.0
-0.0
0.264841675758
0.104550890625
-0.0
-0.0
-0.0
-0.0
-0.0
0.010318483226
-0.0
-0.0
0.00814787764102
-0.0
-0.0
-0.0
-0.0
-0.0
-0.0
-0.0
-0.0
-0.0
-0.0
-0.0
-0.0
-0.0
-0.0
-0.0
-0.0
-0.0
-0.0
0.024857101962
-0.0
0.0838872939348
-0.0
-0.0
-0.0
-0.0
-0.0
-0.0
-0.0
0.169891089201
-0.0
-0.0
-0.0
-0.0
-0.0
-0.0
-0.0
-0.0
-0.0
-0.0
-0.0
-0.0
-0.0
-0.0
0.0153574887663
0.116922020912
-0.0
-0.0
-0.0
-0.0
-0.0
-0.0
-0.0
0.034959089011
0.0304190050811
-0.0
-0.0
-0.0
0.0586803145707
0.0572431609035
-0.0
-0.0
0.00738838687539
-0.0
-0.0
0.00814074929804
-0.0
-0.0
-0.0
-0.0
-0.0
0.031605232507
-0.0
-0.0
0.0165197830647
-0.0
0.114859469235
0.11959233135
-0.0
-0.0
-0.0
-0.0
-0.0
-0.0
0.263559341431
-0.0
0.00996248424053
-0.0
-0.0
-0.0
-0.0
-0.0
-0.0
0.039594002068
-0.0
-0.0
0.153703600168
-0.0
0.0315689258277
-0.0
-0.0
-0.0
-0.0
-0.0
0.0331556610763
0.104526259005
0.177956387401
-0.0
0.0295266006142
-0.0
-0.0
-0.0
-0.0
-0.0
-0.0
-0.0
-0.0
-0.0
0.0609619282186
-0.0
-0.0
-0.0
-0.0
-0.0
-0.0
-0.0
0.0153985386714
0.00493074022233
-0.0
-0.0
-0.0
-0.0
-0.0
0.0239941328764
-0.0
-0.0
-0.0
0.0988305658102
-0.0
-0.0
-0.0
-0.0
0.726193726063
-0.0
1.04787266254
0.0237639136612
0.0701568871737
-0.0
-0.0
0.0387772805989
-0.0
-0.0
0.0213063973933
-0.0
-0.0
0.0532161518931
-0.0
-0.0
-0.0
0.129338532686
-0.0
0.0214654915035
0.149801373482
-0.0
0.120146840811
-0.0
-0.0
-0.0
0.0186994094402
-0.0
-0.0
-0.0
0.0106425564736
0.0409555025399
-0.0
0.203332468867
-0.0
-0.0
-0.0
-0.0
-0.0
-0.0
-0.0
0.0190520398319
-0.0
-0.0
-0.0
-0.0
-0.0
-0.0
-0.0
-0.0
-0.0
0.474872946739
-0.0
-0.0
-0.0
0.149584174156
-0.0
-0.0
-0.0
-0.0
-0.0
-0.0
0.00608984706923
-0.0
-0.0
0.0729885026813
-0.0
0.00877650547773
-0.0
0.218152463436
-0.0
-0.0
0.0153687410057
-0.0
-0.0
-0.0
0.0113316820934
-0.0
0.0250424202532
-0.0
-0.0
-0.0
-0.0
-0.0
-0.0
-0.0
-0.0
-0.0
-0.0
-0.0
0.0133782885969
-0.0
-0.0
-0.0
-0.0
-0.0
0.0015719459625
-0.0
-0.0
0.204868555069
-0.0
-0.0
-0.0
-0.0
-0.0
-0.0
-0.0
-0.0
-0.0
-0.0
-0.0
0.0187835786492
-0.0
-0.0
-0.0
0.0490260384977
-0.0
0.0050934702158
-0.0
0.0805548205972
0.0050513157621
-0.0
0.0646037757397
-0.0
-0.0
-0.0
-0.0
0.270349621773
-0.0
0.110569424927
0.154808476567
-0.0
-0.0
-0.0
-0.0
0.0150598762557
-0.0
-0.0
0.0120149161667
-0.0
-0.0
-0.0
-0.0
-0.0
-0.0
-0.0
-0.0
-0.0
-0.0
-0.0
0.0218060463667
-0.0
-0.0
-0.0
-0.0
-0.0
-0.0
-0.0
-0.0
-0.0
-0.0
-0.0
-0.0
-0.0
-0.0
0.0199629813433
0.0718138664961
-0.0
-0.0
0.0421949289739
0.0322578661144
-0.0
-0.0
-0.0
-0.0
0.0367690362036
-0.0
-0.0
-0.0
-0.0
-0.0
-0.0
-0.0
-0.0
-0.0
-0.0
-0.0
-0.0
-0.0
-0.0
-0.0
-0.0
-0.0
-0.0
-0.0
-0.0
-0.0
-0.0
-0.0
-0.0
-0.0
0.0998358875513
-0.0
-0.0
-0.0
-0.0
0.43214225769
-0.0
-0.0
0.00138495001011
-0.0
-0.0
-0.0
-0.0
-0.0
-0.0
-0.0
-0.0
-0.0
-0.0
-0.0
-0.0
-0.0
0.022818768397
0.205603465438
-0.0
-0.0
0.0101544326171
-0.0
0.355177789927
0.0185718294233
-0.0
0.0642274543643
-0.0
-0.0
-0.0
-0.0
-0.0
-0.0
0.21495346725
0.0031214368064
-0.0
-0.0
-0.0
-0.0
0.0239427033812
-0.0
-0.0
-0.0
-0.0
0.0642264485359
-0.0
0.011220280081
-0.0
-0.0
-0.0
-0.0
0.0420724712312
-0.0
-0.0
-0.0
-0.0
-0.0
-0.0
0.0705339759588
0.0589510984719
-0.0
0.0016050938284
-0.0
-0.0
-0.0
-0.0
-0.0
-0.0
-0.0
-0.0
-0.0
-0.0
-0.0
-0.0
-0.0
-0.0
-0.0
0.0298925340176
-0.0
0.0162902921438
0.000698445714079
0.056422252208
-0.0
-0.0
-0.0
-0.0
-0.0
-0.0
0.135719776154
-0.0
-0.0
-0.0
-0.0
0.00993833038956
0.0305331163108
-0.0
-0.0
-0.0
-0.0
-0.0
-0.0
-0.0
-0.0
0.00668834568933
-0.0
-0.0
-0.0
-0.0
-0.0
-0.0
-0.0
-0.0
0.0636478066444
-0.0
-0.0
-0.0
-0.0
0.0192882101983
-0.0
0.0559910386801
-0.0
-0.0
0.0169642046094
0.480402737856
-0.0
-0.0
-0.0
-0.0
-0.0
-0.0
-0.0
-0.0
0.147769704461
-0.0
-0.0
-0.0
-0.0
-0.0
-0.0
-0.0
-0.0
-0.0
-0.0
-0.0
-0.0
0.000180700459168
-0.0
-0.0
-0.0
0.0173407439142
0.0788294896483
-0.0
-0.0
-0.0
-0.0
-0.0
-0.0
0.0321401022375
-0.0
-0.0
-0.0
0.0225071236491
-0.0
-0.0
-0.0
-0.0
-0.0
-0.0
0.135218515992
-0.0
-0.0
0.00197344762273
-0.0
-0.0
-0.0
-0.0
-0.0
-0.0
-0.0
-0.0
-0.0
-0.0
-0.0
-0.0
0.116261251271
0.187538504601
-0.0
-0.0
-0.0
-0.0
-0.0
-0.0
-0.0
-0.0
-0.0
-0.0
-0.0
-0.0
-0.0
0.190434753895
-0.0
0.0368801914155
-0.0
-0.0
-0.0
0.0135865788907
-0.0
-0.0
0.0351830944419
-0.0
-0.0
-0.0
0.0428383164108
0.0112110348418
-0.0
-0.0
-0.0
-0.0
-0.0
-0.0
-0.0
-0.0
-0.0
-0.0
-0.0
0.0044842492789
-0.0
-0.0
-0.0
-0.0
-0.0
1.07033109665
-0.0
-0.0
0.0395792610943
-0.0
-0.0
-0.0
-0.0
-0.0
0.250317186117
-0.0
-0.0
0.11315792799
-0.0
-0.0
-0.0
-0.0
-0.0
-0.0
-0.0
-0.0
-0.0
0.00926416553557
-0.0
0.0279028434306
-0.0
-0.0
-0.0
-0.0
-0.0
-0.0
-0.0
-0.0
-0.0
0.0485119968653
0.0674652829766
-0.0
-0.0
-0.0
-0.0
-0.0
-0.0
-0.0
-0.0
-0.0
-0.0
-0.0
-0.0
-0.0
-0.0
-0.0
-0.0
-0.0
-0.0
-0.0
0.082346893847
0.0539289712906
-0.0
-0.0
0.0648354962468
-0.0
-0.0
0.0131421945989
-0.0
0.0153315365314
-0.0
-0.0
-0.0
-0.0
-0.0
-0.0
-0.0
-0.0
-0.0
0.0343731380999
-0.0
-0.0
-0.0
-0.0
-0.0
0.0335505418479
0.121317841113
-0.0
-0.0
0.0538795441389
-0.0
0.0279510188848
-0.0
-0.0
-0.0
-0.0
-0.0
0.025895414874
-0.0
0.15671107173
-0.0
0.0986269116402
0.361927241087
-0.0
0.0459344536066
0.081011377275
-0.0
-0.0
0.0171399489045
-0.0
-0.0
-0.0
-0.0
-0.0
-0.0
-0.0
-0.0
-0.0
-0.0
-0.0
-0.0
0.010126256384
0.0611457340419
-0.0
-0.0
-0.0
-0.0
0.0208346825093
-0.0
0.0275738984346
0.0279978699982
-0.0
-0.0
-0.0
-0.0
-0.0
-0.0
-0.0
0.0450279265642
-0.0
-0.0
0.0379849858582
0.0508139021695
0.1457067132
0.379413306713
0.0153698790818
-0.0
-0.0
-0.0
0.057456087321
-0.0
-0.0
-0.0
-0.0
-0.0
-0.0
0.0395884700119
0.247316628695
-0.0
-0.0
-0.0
-0.0
-0.0
-0.0
-0.0
0.19487452507
-0.0
-0.0
0.432677268982
0.362880319357
-0.0
-0.0
-0.0
-0.0
-0.0
0.0103884795681
-0.0
-0.0
0.023948892951
-0.0
-0.0
-0.0
-0.0
-0.0
-0.0
0.0594902038574
0.0735157579184
-0.0
-0.0
-0.0
-0.0
-0.0
-0.0
0.0325806178153
-0.0
-0.0
0.875032305717
0.217481285334
0.0219046808779
-0.0
-0.0
-0.0
-0.0
-0.0
-0.0
0.0982764586806
-0.0
0.00783659238368
-0.0
-0.0
-0.0
-0.0
-0.0
-0.0
-0.0
-0.0
-0.0
-0.0
-0.0
-0.0
-0.0
0.318999290466
-0.0
0.0137781342492
-0.0
-0.0
-0.0
0.0155012402683
-0.0
-0.0
0.241192266345
-0.0
-0.0
-0.0
-0.0
-0.0
-0.0
-0.0
-0.0
-0.0
0.0569032914937
-0.0
-0.0
-0.0
0.0382324941456
-0.0
-0.0
-0.0
-0.0
-0.0
-0.0
0.0383471027017
0.310617923737
-0.0
-0.0
-0.0
-0.0
-0.0
-0.0
-0.0
-0.0
-0.0
-0.0
-0.0
-0.0
0.0884960219264
0.0414269715548
0.0658532008529
-0.0
-0.0
-0.0
-0.0
-0.0
0.0236557032913
-0.0
-0.0
-0.0
-0.0
-0.0
0.0904819369316
-0.0
0.0539310984313
-0.0
-0.0
-0.0
-0.0
-0.0
-0.0
-0.0
-0.0
-0.0
-0.0
-0.0
-0.0
-0.0
-0.0
-0.0
-0.0
-0.0
-0.0
-0.0
-0.0
-0.0
-0.0
0.00853767618537
-0.0
-0.0
0.00533041125163
-0.0
-0.0
0.212105378509
-0.0
-0.0
0.134868100286
-0.0
-0.0
-0.0
-0.0
-0.0
-0.0
-0.0
0.100792691112
-0.0
-0.0
-0.0
0.0277928672731
-0.0
-0.0
-0.0
-0.0
-0.0
-0.0
0.107875689864
-0.0
-0.0
-0.0
-0.0
-0.0
-0.0
-0.0
-0.0
-0.0
-0.0
-0.0
-0.0
-0.0
-0.0
-0.0
-0.0
0.0215711966157
-0.0
-0.0
-0.0
0.609091043472
-0.0
