0.404964983463
-0.0
0.27858582139
0.0184008609504
-0.0
0.00612925272435
0.0718613192439
-0.0
-0.0
-0.0
0.0108432257548
-0.0
0.175604864955
-0.0
-0.0
-0.0
-0.0
-0.0
-0.0
-0.0
-0.0
-0.0
-0.0
-0.0
-0.0
-0.0
0.0122825372964
0.0406752750278
0.0526769533753
-0.0
-0.0
-0.0
-0.0
-0.0
0.0152168385684
-0.0
-0.0
-0.0
0.000108426516817
-0.0
-0.0
-0.0
-0.0
-0.0
-0.0
-0.0
-0.0
-0.0
-0.0
0.0847193151712
-0.0
-0.0
0.00224835542031
-0.0
-0.0
-0.0
-0.0
-0.0
-0.0
-0.0
-0.0
0.0304621756077
0.00124506349675
0.113241381943
-0.0
-0.0
-0.0
-0.0
-0.0
-0.0
-0.0
-0.0
-0.0
-0.0
-0.0
-0.0
-0.0
-0.0
-0.0
0.0286740940064
-0.0
-0.0
-0.0
0.00764077343047
-0.0
-0.0
-0.0
-0.0
-0.0
0.0818879455328
-0.0
0.0836684331298
-0.0
-0.0
-0.0
-0.0
-0.0
-0.0
0.0101095596328
0.00906922854483
-0.0
0.454792618752
-0.0
-0.0
-0.0
-0.0
0.00956873688847
-0.0
-0.0
-0.0
-0.0
-0.0
-0.0
0.137080028653
-0.0
0.178859069943
0.0105730481446
-0.0
-0.0
-0.0
-0.0
-0.0
0.0398350656033
-0.0
0.617139935493
-0.0
-0.0
-0.0
-0.0
0.0161884967238
-0.0
0.0579959861934
-0.0
-0.0
0.130563214421
-0.0
0.000435847177869
0.01370228827
-0.0
-0.0
-0.0
-0.0
-0.0
-0.0
0.434647023678
-0.0
-0.0
-0.0
0.0349713489413
-0.0
-0.0
-0.0
0.00202903430909
0.0111778294668
-0.0
-0.0
-0.0
-0.0
0.0188281219453
0.00112921546679
0.0623767860234
-0.0
-0.0
0.0311881843954
-0.0
0.0225079823285
0.0094288373366
-0.0
0.024234097451
-0.0
0.0172070227563
-0.0
-0.0
-0.0
0.0146998725832
-0.0
-0.0
0.00126889592502
0.0168288163841
0.0439920015633
0.0910785645247
0.0232538934797
-0.0
-0.0
-0.0
-0.0
0.103427328169
-0.0
-0.0
-0.0
0.0555267296731
-0.0
-0.0
-0.0
-0.0
-0.0
-0.0
-0.0
0.026280939579
-0.0
-0.0
-0.0
-0.0
-0.0
0.14558956027
0.0086957924068
-0.0
1.45825479194e-05
-0.0
-0.0
0.0759266018867
-0.0
-0.0
-0.0
-0.0
-0.0
-0.0
0.00674072140828
0.00877265911549
-0.0
-0.0
-0.0
0.0211962349713
-0.0
-0.0
-0.0
-0.0
-0.0
-0.0
-0.0
-0.0
-0.0
-0.0
-0.0
-0.0
-0.0
0.844446241856
0.0935610532761
-0.0
-0.0
0.0497327186167
0.00653447955847
-0.0
-0.0
-0.0
-0.0
-0.0
0.0140718091279
-0.0
0.0253788363189
0.000458578171674
-0.0
-0.0
-0.0
0.113774850965
0.0161086879671
-0.0
-0.0
-0.0
-0.0
-0.0
-0.0
-0.0
-0.0
0.000220227171667
-0.0
-0.0
-0.0
-0.0
-0.0
-0.0
0.0262516420335
-0.0
0.00286276754923
0.0155524481088
-0.0
-0.0
-0.0
0.0119971334934
-0.0
0.0164330638945
-0.0
0.138319537044
-0.0
-0.0
-0.0
-0.0
-0.0
-0.0
-0.0
0.185290783644
-0.0
-0.0
0.0688788667321
-0.0
-0.0
-0.0
-0.0
-0.0
-0.0
-0.0
-0.0
0.0629492029548
-0.0
-0.0
-0.0
-0.0
-0.0
-0.0
-0.0
0.0726852193475
-0.0
-0.0
-0.0
0.0611568130553
-0.0
-0.0
0.0359068103135
-0.0
-0.0
-0.0
0.0873033031821
-0.0
-0.0
0.154097765684
-0.0
-0.0
0.00182188057806
-0.0
-0.0
-0.0
-0.0
0.528372347355
-0.0
-0.0
-0.0
-0.0
-0.0
-0.0
-0.0
-0.0
-0.0
-0.0
-0.0
-0.0
-0.0
-0.0
-0.0
-0.0
-0.0
0.112296506763
-0.0
0.0140663515776
0.0230532009155
-0.0
-0.0
-0.0
-0.0
-0.0
-0.0
-0.0
-0.0
-0.0
-0.0
0.0348971672356
-0.0
-0.0
-0.0
0.0738895609975
0.00187252950855
-0.0
-0.0
0.0290072411299
-0.0
-0.0
-0.0
-0.0
-0.0
-0.0
-0.0
-0.0
0.09710431844
0.126677423716
-0.0
-0.0
-0.0
0.0390086174011
0.0298377815634
-0.0
-0.0
-0.0
-0.0
0.0337794311345
-0.0
-0.0
-0.0
0.0975008606911
-0.0
-0.0
-0.0
-0.0
-0.0
-0.0
-0.0
-0.0
0.0271615795791
0.035845708102
-0.0
-0.0
-0.0
0.00684906309471
-0.0
-0.0
-0.0
-0.0
-0.0
-0.0
0.00351391057484
-0.0
-0.0
-0.0
-0.0
-0.0
0.018621692434
-0.0
-0.0
-0.0
-0.0
-0.0
-0.0
-0.0
-0.0
0.0782848224044
-0.0
0.0301848892123
-0.0
-0.0
-0.0
0.145036011934
-0.0
-0.0
0.0474471375346
-0.0
-0.0
-0.0
-0.0
-0.0
-0.0
0.0390402674675
-0.0
-0.0
-0.0
-0.0
-0.0
-0.0
-0.0
-0.0
-0.0
-0.0
-0.0
0.0461628995836
-0.0
0.0142141943797
-0.0
-0.0
-0.0
-0.0
-0.0
-0.0
-0.0
-0.0
-0.0
-0.0
-0.0
-0.0
0.0807972252369
-0.0
-0.0
0.0536915846169
-0.0
-0.0
-0.0
-0.0
-0.0
-0.0
-0.0
-0.0
0.019279750064
-0.0
0.0635214298964
-0.0
-0.0
-0.0
-0.0
-0.0
-0.0
0.0211276542395
-0.0
-0.0
0.03992542997
0.0015409787884
-0.0
-0.0
-0.0
-0.0
-0.0
-0.0
-0.0
0.0232401471585
0.0080798510462
-0.0
0.0930505767465
-0.0
-0.0
-0.0
-0.0
0.0568245649338
-0.0
-0.0
-0.0
-0.0
0.16858920455
-0.0
0.0024860126432
-0.0
-0.0
-0.0
-0.0
-0.0
0.0178844872862
-0.0
-0.0
-0.0
-0.0
-0.0
-0.0
-0.0
-0.0
-0.0
-0.0
0.0414406619966
-0.0
-0.0
-0.0
-0.0
-0.0
-0.0
-0.0
-0.0
-0.0
-0.0
0.144209980965
-0.0
-0.0
-0.0
-0.0
0.087457627058
-0.0
-0.0
-0.0
-0.0
0.00216177222319
-0.0
0.0473518781364
-0.0
-0.0
-0.0
-0.0
0.00939444173127
-0.0
-0.0
-0.0
0.00144061364699
-0.0
-0.0
0.21668484807
0.0564369373024
0.734743177891
-0.0
-0.0
-0.0
-0.0
-0.0
0.0296362210065
-0.0
-0.0
0.385389387608
-0.0
-0.0
-0.0
-0.0
-0.0
-0.0
-0.0
-0.0
0.0200330242515
-0.0
-0.0
-0.0
-0.0
-0.0
-0.0
-0.0
0.00244432012551
-0.0
-0.0
-0.0
0.0236903913319
-0.0
-0.0
-0.0
-0.0
-0.0
-0.0
-0.0
-0.0
0.185325816274
-0.0
-0.0
-0.0
-0.0
-0.0
-0.0
0.195882722735
-0.0
-0.0
0.0441643670201
0.0296718813479
0.0566047877073
-0.0
-0.0
-0.0
-0.0
0.0307588782161
0.0403969027102
-0.0
0.204313576221
-0.0
0.144858360291
-0.0
-0.0
0.0219779964536
0.00173060700763
-0.0
0.0114556746557
-0.0
-0.0
-0.0
-0.0
0.0591959841549
-0.0
-0.0
-0.0
-0.0
-0.0
0.0153191648424
0.0690858140588
-0.0
-0.0
0.149105653167
-0.0
-0.0
-0.0
-0.0
-0.0
-0.0
0.607312500477
0.0275424867868
-0.0
0.0653948560357
-0.0
-0.0
-0.0
-0.0
0.0131206559017
0.079011566937
-0.0
-0.0
-0.0
0.00393845001236
-0.0
0.0462134294212
0.0639327317476
-0.0
-0.0
-0.0
-0.0
-0.0
-0.0
-0.0
-0.0
-0.0
-0.0
-0.0
-0.0
0.123547717929
-0.0
-0.0
-0.0
-0.0
-0.0
0.0106421671808
0.0372427627444
-0.0
-0.0
-0.0
-0.0
0.0862817019224
-0.0
-0.0
-0.0
-0.0
-0.0
-0.0
0.0923745706677
0.0517308749259
-0.0
-0.0
-0.0
0.405849069357
-0.0
-0.0
0.0855299532413
-0.0
-0.0
-0.0
-0.0
-0.0
0.023977952078
-0.0
-0.0
0.0456200689077
-0.0
0.0283537432551
0.0249048359692
0.0355099290609
-0.0
-0.0
-0.0
-0.0
-0.0
-0.0
0.161015182734
0.054930113256
-0.0
-0.0
-0.0
0.0260982252657
-0.0
-0.0
-0.0
-0.0
-0.0
-0.0
-0.0
0.0306299850345
0.0220294576138
-0.0
-0.0
-0.0
-0.0
-0.0
0.134503528476
0.0139116086066
0.0016729029594
-0.0
-0.0
-0.0
0.0382809787989
-0.0
-0.0
-0.0
-0.0
-0.0
-0.0
-0.0
0.0175393112004
0.0050436668098
0.107423730195
-0.0
0.123410247266
-0.0
-0.0
-0.0
-0.0
-0.0
-0.0
-0.0
-0.0
-0.0
-0.0
-0.0
-0.0
-0.0
0.062420219183
-0.0
-0.0
-0.0
-0.0
-0.0
-0.0
-0.0
0.0237724315375
-0.0
-0.0
-0.0
-0.0
-0.0
-0.0
0.0106818536296
-0.0
-0.0
-0.0
0.107830442488
-0.0
0.724300146103
-0.0
-0.0
-0.0
-0.0
-0.0
-0.0
-0.0
-0.0
0.845356941223
-0.0
-0.0
-0.0
0.212216824293
0.110211335123
-0.0
-0.0
-0.0
0.0188331585377
0.0191518310457
-0.0
-0.0
-0.0
-0.0
-0.0
-0.0
-0.0
-0.0
-0.0
-0.0
-0.0
-0.0
-0.0
-0.0
-0.0
-0.0
-0.0
-0.0
0.0127490302548
-0.0
0.0270569268614
0.0171275958419
-0.0
-0.0
-0.0
0.0130768679082
-0.0
0.00426054745913
-0.0
-0.0
0.0441156364977
-0.0
0.03271086514
-0.0
-0.0
0.0586197935045
-0.0
-0.0
0.0487182438374
-0.0
-0.0
-0.0
-0.0
-0.0
-0.0
-0.0
0.314522147179
-0.0
0.111896671355
-0.0
-0.0
-0.0
0.11153755337
-0.0
-0.0
-0.0
0.0383044742048
-0.0
-0.0
0.0666609108448
0.0135449087247
-0.0
-0.0
-0.0
0.0643143579364
-0.0
-0.0
-0.0
-0.0
0.0805728510022
-0.0
-0.0
-0.0
-0.0
0.0179779864848
0.0453923232853
-0.0
-0.0
-0.0
-0.0
-0.0
-0.0
-0.0
0.02611181885
-0.0
-0.0
-0.0
-0.0
-0.0
-0.0
-0.0
-0.0
0.0494311228395
-0.0
-0.0
-0.0
-0.0
-0.0
-0.0
0.0332728140056
-0.0
0.0243100281805
0.0420530363917
-0.0
-0.0
-0.0
-0.0
-0.0
-0.0
-0.0
-0.0
-0.0
-0.0
-0.0
0.0419373624027
-0.0
-0.0
0.0467485785484
0.0116003146395
-0.0
-0.0
-0.0
-0.0
-0.0
-0.0
-0.0
-0.0
0.0118823628873
-0.0
-0.0
0.0501010455191
-0.0
-0.0
-0.0
-0.0
-0.0
-0.0
-0.0
-0.0
-0.0
-0.0
-0.0
0.000506542390212
-0.0
-0.0
-0.0
-0.0
-0.0
-0.0
-0.0
-0.0
-0.0
-0.0
0.00199240678921
-0.0
-0.0
0.0630244314671
-0.0
-0.0
0.0390836931765
0.0484548658133
-0.0
-0.0
0.0248344317079
0.0734166353941
-0.0
0.0117402048782
-0.0
-0.0
0.00651548989117
0.00422967644408
-0.0
-0.0
-0.0
-0.0
0.0564119182527
0.00225018453784
-0.0
-0.0
-0.0
-0.0
-0.0
-0.0
-0.0
0.0550692342222
-0.0
-0.0
-0.0
-0.0
0.384073883295
-0.0
-0.0
-0.0
0.449968457222
-0.0
-0.0
-0.0
-0.0
-0.0
-0.0
-0.0
-0.0
-0.0
-0.0
0.0601606853306
-0.0
0.0240829773247
-0.0
-0.0
-0.0
-0.0
0.0225035119802
-0.0
-0.0
-0.0
-0.0
-0.0
0.0324015766382
-0.0
0.00221885065548
0.415339648724
0.131608709693
-0.0
-0.0
-0.0
-0.0
-0.0
-0.0
0.0115430299193
-0.0
-0.0
-0.0
0.0165076516569
-0.0
-0.0
-0.0
-0.0
-0.0
0.204663351178
1.12769365311
-0.0
-0.0
-0.0
-0.0
-0.0
-0.0
-0.0
-0.0
0.0697877928615
-0.0
0.0651764720678
-0.0
-0.0
-0.0
-0.0
0.0369886159897
-0.0
-0.0
-0.0
-0.0
-0.0
0.109847798944
-0.0
-0.0
-0.0
-0.0
0.000428220519098
0.0230741091073
-0.0
0.0284297335893
-0.0
-0.0
0.0228216666728
-0.0
0.25183403492
0.0256451647729
-0.0
-0.0
0.0330393463373
-0.0
-0.0
-0.0
-0.0
-0.0
-0.0
-0.0
-0.0
-0.0
-0.0
-0.0
-0.0
-0.0
-0.0
-0.0
0.0181773174554
-0.0
-0.0
-0.0
-0.0
-0.0
-0.0
-0.0
-0.0
0.0473885163665
-0.0
0.077788643539
-0.0
-0.0
0.0102570429444
-0.0
-0.0
-0.0
-0.0
0.157072499394
-0.0
-0.0
-0.0
-0.0
-0.0
-0.0
-0.0
-0.0
-0.0
-0.0
-0.0
-0.0
-0.0
-0.0
-0.0
0.102597743273
0.0706956833601
-0.0
-0.0
-0.0
-0.0
-0.0
-0.0
0.0462385080755
0.0350224636495
0.00582255190238
-0.0
-0.0
0.0348260886967
0.0851764157414
-0.0
-0.0
-0.0
-0.0
-0.0
0.0150996921584
-0.0
-0.0
-0.0
-0.0
-0.0
0.0746171325445
-0.0
-0.0
0.015821730718
-0.0
0.139088660479
0.23554751277
-0.0
-0.0
-0.0
0.00695359427482
-0.0
-0.0
0.192282781005
-0.0
-0.0
-0.0
-0.0
-0.0
-0.0
0.013096190989
-0.0
0.0320915989578
-0.0
-0.0
0.212645724416
-0.0
-0.0
-0.0
-0.0
-0.0
-0.0
-0.0
0.0364530235529
0.0863501057029
0.0760134756565
-0.0
0.00100286700763
-0.0
-0.0
-0.0
-0.0
-0.0
-0.0
-0.0
-0.0
-0.0
0.0264786463231
-0.0
-0.0
-0.0
-0.0
-0.0
-0.0
-0.0
3.54018993676e-05
0.0189471263438
0.0145705463365
-0.0
-0.0
-0.0
-0.0
-0.0
-0.0
-0.0
-0.0
0.0552766099572
-0.0
-0.0
-0.0
-0.0
0.590943038464
-0.0
0.915610015392
-0.0
0.0619959458709
-0.0
-0.0
0.0253176614642
-0.0
-0.0
-0.0
-0.0
-0.0
0.0526140853763
-0.0
-0.0
-0.0
0.080288104713
0.0568669177592
-0.0
0.149562194943
-0.0
0.155035227537
-0.0
-0.0
-0.0
-0.0
-0.0
0.0281408727169
-0.0
-0.0
0.0146244382486
-0.0
0.243323192
-0.0
-0.0
-0.0
-0.0
-0.0
-0.0
-0.0
0.00343252019957
-0.0
-0.0
-0.0
-0.0
-0.0
-0.0
-0.0
0.00606010202318
-0.0
0.356145858765
-0.0
-0.0
-0.0
0.121425695717
-0.0
-0.0
-0.0
-0.0
-0.0
-0.0
-0.0
-0.0
-0.0
0.047851305455
-0.0
0.0117305153981
-0.0
0.144270583987
-0.0
-0.0
0.0139827504754
-0.0
-0.0
-0.0
-0.0
-0.0
0.0397901199758
0.0677526146173
-0.0
-0.0
-0.0
0.00533679453656
-0.0
-0.0
-0.0
-0.0
-0.0
0.049354609102
0.048793066293
-0.0
-0.0
-0.0
-0.0
-0.0
-0.0
-0.0
-0.0
0.0854325667024
-0.0
-0.0
-0.0
-0.0
-0.0
-0.0
-0.0
-0.0
-0.0
-0.0
-0.0
0.0174134355038
-0.0
0.078813739121
-0.0
0.0807387605309
-0.0
0.0128109939396
-0.0
0.0833185613155
0.0140911759809
-0.0
0.0201856847852
-0.0
-0.0
-0.0
-0.0
0.193732097745
-0.0
0.114256881177
0.232964500785
-0.0
-0.0
-0.0
-0.0
-0.0
-0.0
-0.0
0.020924564451
-0.0
-0.0
-0.0
-0.0
-0.0
-0.0
-0.0
0.0193701945245
-0.0
-0.0
-0.0
0.0573053322732
-0.0
-0.0
-0.0
-0.0
-0.0
-0.0
-0.0
-0.0
-0.0
-0.0
-0.0
-0.0
-0.0
-0.0
0.0130561282858
0.0447249822319
-0.0
0.0344025790691
-0.0
-0.0
-0.0
-0.0
0.00603689532727
-0.0
0.11809875071
-0.0
-0.0
-0.0
-0.0
-0.0
-0.0
-0.0
-0.0
-0.0
-0.0
-0.0
-0.0
-0.0
-0.0
-0.0
-0.0
-0.0
-0.0
-0.0
-0.0
-0.0
0.00281880865805
-0.0
-0.0
0.0179699677974
0.107366375625
-0.0
-0.0
0.0100587680936
-0.0
0.475478768349
-0.0
-0.0
-0.0
-0.0
-0.0
-0.0
-0.0
-0.0
-0.0
-0.0
-0.0
-0.0
-0.0
-0.0
-0.0
-0.0
-0.0
0.246375337243
-0.0
-0.0
0.0265273209661
-0.0
0.269874274731
0.026965726167
-0.0
0.0742186829448
-0.0
-0.0
-0.0
-0.0
-0.0
-0.0
0.19670176506
-0.0
-0.0
-0.0
0.00948853231966
-0.0
0.00418085977435
-0.0
-0.0
-0.0
-0.0
0.074485167861
-0.0
0.0268756151199
-0.0
-0.0
-0.0
0.00638351170346
0.0459552034736
-0.0
0.00558190466836
-0.0
0.0145481554791
-0.0
-0.0
0.0687441006303
0.0357620306313
-0.0
-0.0
-0.0
-0.0
0.0166248101741
-0.0
-0.0
-0.0
-0.0
-0.0
-0.0
-0.0
-0.0
-0.0
-0.0
0.0146882236004
-0.0
0.0200884640217
-0.0
0.0205494575202
0.0136736053973
0.0655543729663
0.00646784482524
-0.0
-0.0
-0.0
-0.0
-0.0
0.126796156168
-0.0
-0.0
-0.0
-0.0
0.00344843859784
0.0327097028494
-0.0
-0.0
-0.0
-0.0
0.0121894115582
0.000603037653491
-0.0
-0.0
-0.0
-0.0
-0.0
-0.0
-0.0
-0.0
-0.0
-0.0
-0.0
0.0365570448339
-0.0
-0.0
0.0112881287932
-0.0
-0.0
0.00824483670294
0.0483604520559
-0.0
-0.0
0.0130000999197
0.568508505821
-0.0
-0.0
-0.0
-0.0
-0.0
-0.0
-0.0
-0.0
0.150584533811
-0.0
0.0174401830882
-0.0
-0.0
-0.0
-0.0
-0.0
-0.0
-0.0
-0.0
0.000582230102737
-0.0
-0.0
-0.0
-0.0
-0.0
-0.0
0.0545732863247
-0.0
-0.0
-0.0
-0.0
-0.0
-0.0
-0.0
-0.0
-0.0
-0.0
0.0166925080121
0.00476081809029
-0.0
-0.0
-0.0
0.0180521458387
-0.0
0.198585122824
-0.0
-0.0
0.0112701095641
-0.0
-0.0
-0.0
-0.0
-0.0
-0.0
-0.0
-0.0
0.0137615967542
-0.0
-0.0
-0.0
0.169617041945
0.196263641119
-0.0
-0.0
-0.0
-0.0
-0.0
-0.0
-0.0
-0.0
-0.0
-0.0
-0.0
-0.0
0.0192976407707
0.181373625994
-0.0
-0.0
-0.0
-0.0
-0.0
0.0252911113203
0.00779245840386
-0.0
7.47125450289e-05
-0.0
-0.0
0.00124924432021
0.0199205130339
0.0108781652525
-0.0
-0.0
-0.0
-0.0
-0.0
-0.0
-0.0
-0.0
-0.0
-0.0
-0.0
0.0210947860032
-0.0
-0.0
-0.0
-0.0
-0.0
0.934538960457
-0.0
-0.0
0.0297579783946
-0.0
-0.0
-0.0
-0.0
-0.0
0.112050637603
0.0156945995986
-0.0
0.0819099768996
0.00145237951074
-0.0
-0.0
-0.0
-0.0
-0.0
-0.0
-0.0
-0.0
0.00975631177425
-0.0
0.019647648558
-0.0
-0.0
-0.0
-0.0
-0.0
-0.0
-0.0
-0.0
-0.0
0.0669799745083
0.0962667018175
-0.0
-0.0
-0.0
-0.0
-0.0
-0.0
-0.0
-0.0
-0.0
-0.0
-0.0
-0.0
-0.0
-0.0
-0.0
-0.0
-0.0
-0.0
-0.0
0.0713137686253
0.0143269458786
-0.0
-0.0
0.0348376482725
-0.0
-0.0
0.0454985834658
-0.0
0.0210383478552
-0.0
-0.0
-0.0
-0.0
-0.0
0.00952667556703
-0.0
-0.0
-0.0
0.0339064411819
-0.0
-0.0
-0.0
-0.0
-0.0
-0.0
0.0783204734325
-0.0
-0.0
0.0634965449572
-0.0
0.0113486982882
-0.0
-0.0
-0.0
-0.0
-0.0
-0.0
-0.0
0.250848889351
-0.0
0.102847166359
0.227106407285
0.019806785509
0.0199479069561
0.0173941981047
-0.0
-0.0
0.0240654349327
-0.0
-0.0
-0.0
-0.0
-0.0
-0.0
-0.0
-0.0
-0.0
-0.0
-0.0
-0.0
0.0134432995692
0.0125345718116
-0.0
-0.0
-0.0
-0.0
0.0153142604977
-0.0
0.0215278193355
0.0528992637992
-0.0
-0.0
-0.0
-0.0
-0.0
-0.0
-0.0
0.00100405758712
-0.0
-0.0
0.0330901220441
0.0723437964916
0.164809480309
0.266282439232
0.000304657645756
0.0117958039045
-0.0
-0.0
0.0435803867877
-0.0
-0.0
0.0379671864212
-0.0
-0.0
-0.0
0.0153315011412
0.159240692854
-0.0
-0.0
0.00522654177621
-0.0
-0.0
-0.0
-0.0
0.203681841493
-0.0
-0.0
0.358235895634
0.424241244793
-0.0
-0.0
-0.0
-0.0
-0.0
0.0236781798303
-0.0
-0.0
0.0386582426727
0.00189785857219
-0.0
-0.0
-0.0
-0.0
-0.0
0.0577833876014
0.079302854836
-0.0
-0.0
-0.0
-0.0
-0.0
-0.0
0.0350991673768
-0.0
-0.0
0.716324269772
0.167804539204
0.0399699024856
-0.0
0.0035665165633
-0.0
-0.0
-0.0
-0.0
0.102958656847
-0.0
-0.0
-0.0
-0.0
-0.0
-0.0
-0.0
-0.0
-0.0
-0.0
-0.0
-0.0
0.0139269558713
-0.0
-0.0
0.356439322233
-0.0
0.00983459036797
0.00799417123199
-0.0
-0.0
0.0200896151364
-0.0
-0.0
0.313184767962
-0.0
-0.0
-0.0
-0.0
-0.0
-0.0
-0.0
-0.0
-0.0
0.066943064332
-0.0
-0.0
-0.0
0.0503991916776
-0.0
0.0206742044538
-0.0
0.0125798312947
-0.0
-0.0
0.0748543962836
0.258940339088
-0.0
-0.0
-0.0
0.0316423587501
-0.0
-0.0
-0.0
-0.0
-0.0
-0.0
-0.0
-0.0
0.12063972652
0.0386623814702
-0.0
-0.0
-0.0
-0.0
-0.0
-0.0
0.00240023247898
-0.0
-0.0
-0.0
-0.0
-0.0
0.0714498758316
-0.0
0.044150415808
-0.0
-0.0
-0.0
-0.0
-0.0
-0.0
-0.0
-0.0
-0.0
-0.0
-0.0
-0.0
-0.0
-0.0
0.0152504621074
-0.0
-0.0
-0.0
0.00109693128616
-0.0
-0.0
-0.0
-0.0
-0.0
-0.0
-0.0
-0.0
-0.0
0.297807663679
0.0171777792275
-0.0
0.170467600226
-0.0
-0.0
-0.0
-0.0
-0.0
-0.0
-0.0
0.0933107882738
-0.0
0.0123459771276
-0.0
0.025419972837
-0.0
-0.0
-0.0
-0.0
-0.0
-0.0
0.05559406057
-0.0
-0.0
-0.0
-0.0
-0.0
-0.0
-0.0
-0.0
-0.0
-0.0
-0.0
-0.0
-0.0
-0.0
-0.0
-0.0
0.0177146513015
-0.0
-0.0
-0.0
0.699870944023
-0.0
