0.308966517448
-0.0
0.326947271824
-0.0
-0.0
-0.0
0.0870676264167
-0.0
-0.0
-0.0
-0.0
-0.0
0.222846612334
-0.0
-0.0
-0.0
-0.0
-0.0
-0.0
0.00298822997138
0.00131134083495
-0.0
-0.0
-0.0
-0.0
-0.0
-0.0
0.0122704356909
0.00247445330024
0.00266890786588
-0.0
-0.0
-0.0
-0.0
0.0247181784362
-0.0
-0.0
-0.0
-0.0
-0.0
-0.0
-0.0
-0.0
-0.0
-0.0
-0.0
-0.0
-0.0
0.00767403328791
0.068992562592
-0.0
-0.0
-0.0
-0.0
-0.0
-0.0
-0.0
0.00265945680439
-0.0
0.00392759079114
-0.0
0.06889526546
-0.0
0.162590786815
0.0327111855149
-0.0
-0.0
-0.0
-0.0
-0.0
-0.0
-0.0
-0.0
-0.0
-0.0
-0.0
-0.0
-0.0
-0.0
0.0148544749245
-0.0
-0.0
-0.0
-0.0
-0.0
-0.0
-0.0
-0.0
-0.0
0.0546305403113
-0.0
0.08230496943
-0.0
-0.0
-0.0
-0.0
-0.0
-0.0
0.00437554530799
-0.0
-0.0
0.416111290455
-0.0
-0.0
-0.0
-0.0
-0.0
-0.0
-0.0
-0.0
-0.0
-0.0
-0.0
0.0669623538852
-0.0
0.154534369707
0.00524311931804
-0.0
-0.0
-0.0
-0.0
-0.0
0.0256859958172
-0.0
0.658078312874
-0.0
-0.0
-0.0
-0.0
0.00103909813333
-0.0
0.0469447374344
-0.0
-0.0
0.159128680825
-0.0
-0.0
-0.0
-0.0
-0.0
-0.0
-0.0
-0.0
0.00253788544796
0.41158080101
0.0038306817878
-0.0
-0.0
0.0414643324912
-0.0
-0.0
-0.0
-0.0
0.00630337139592
-0.0
-0.0
-0.0
-0.0
-0.0
-0.0
0.079423815012
-0.0
-0.0
-0.0
-0.0
0.0497956350446
-0.0
0.00621658703312
0.0598995797336
-0.0
0.024975374341
-0.0
0.00227129855193
-0.0
0.0429191961884
-0.0
-0.0
0.0426383912563
-0.0
0.0505068041384
0.07978259027
0.0308815669268
-0.0
-0.0
-0.0
-0.0
0.0922262743115
-0.0
0.0223271287978
-0.0
0.0151575002819
-0.0
-0.0
-0.0
-0.0
-0.0
0.0231933202595
-0.0
0.00891178660095
-0.0
-0.0
-0.0
-0.0
0.0533284805715
0.170062884688
0.00278653413989
-0.0
-0.0
-0.0
-0.0
0.104793831706
-0.0
-0.0
-0.0
-0.0
-0.0
0.0125211514533
-0.0
0.0111995032057
-0.0
-0.0
-0.0
0.000570233736653
-0.0
-0.0
-0.0
-0.0
-0.0
-0.0
-0.0
-0.0
-0.0
-0.0
-0.0
-0.0
-0.0
0.776724457741
0.137437701225
-0.0
-0.0
0.0582802146673
-0.0
-0.0
0.000806242926046
-0.0
0.0233385767788
-0.0
0.00186990993097
-0.0
0.0243191756308
0.00666957581416
-0.0
-0.0
0.000358985416824
0.139836445451
0.0417070277035
0.0271931029856
-0.0
-0.0
-0.0
-0.0
-0.0
-0.0
-0.0
0.00943154189736
-0.0
-0.0
-0.0
-0.0
-0.0
-0.0
0.040958236903
-0.0
-0.0
0.0131107736379
-0.0
-0.0
-0.0
-0.0
-0.0
0.0495034307241
-0.0
0.125510007143
-0.0
-0.0
-0.0
-0.0
-0.0
-0.0
0.00314018363133
0.177048996091
-0.0
-0.0
0.0391061343253
-0.0
-0.0
-0.0
-0.0
-0.0
-0.0
-0.0
-0.0
0.0841897055507
-0.0
-0.0
-0.0
-0.0
-0.0
0.00554953562096
-0.0
0.0244732312858
-0.0
-0.0
-0.0
0.131284356117
-0.0
-0.0
0.0295485928655
-0.0
-0.0
-0.0
0.083632811904
-0.0
-0.0
0.126370757818
-0.0
-0.0
0.0292885098606
-0.0
-0.0
-0.0
0.0214125867933
0.467585831881
-0.0
-0.0
-0.0
-0.0
-0.0
-0.0
-0.0
-0.0
-0.0
-0.0
-0.0
-0.0
-0.0
-0.0
-0.0
-0.0
-0.0
0.141924753785
-0.0
0.0282323416322
0.0301083773375
-0.0
-0.0
-0.0
-0.0
-0.0
-0.0
-0.0
-0.0
0.0313702709973
-0.0
0.0315269865096
-0.0
-0.0
-0.0
0.0573401786387
0.0112088713795
-0.0
-0.0
0.0135914739221
-0.0
-0.0
-0.0
-0.0
-0.0
-0.0
-0.0
-0.0
0.112988002598
0.178135067225
-0.0
-0.0
-0.0
0.01445978228
0.00521768303588
-0.0
-0.0
-0.0
0.027412340045
0.0273057185113
-0.0
-0.0
-0.0
0.0856904238462
-0.0
-0.0
0.0109291318804
-0.0
-0.0
0.00495102955028
-0.0
-0.0
0.0512728914618
0.0270456429571
-0.0
-0.0
-0.0
0.00669617159292
-0.0
-0.0
-0.0
-0.0
-0.0
-0.0
-0.0
-0.0
-0.0
-0.0
-0.0
-0.0
-0.0
-0.0
-0.0
-0.0
-0.0
-0.0
-0.0
0.00277549750172
-0.0
0.0491133593023
0.0106789050624
0.0274997446686
-0.0
-0.0
-0.0
0.14305883646
-0.0
-0.0
0.0811712294817
-0.0
-0.0
-0.0
-0.0
-0.0
-0.0
0.0389324985445
-0.0
-0.0
-0.0
-0.0
-0.0
-0.0
-0.0
-0.0
-0.0
-0.0
-0.0
0.0559676662087
-0.0
0.0240307599306
-0.0
-0.0
-0.0
-0.0
-0.0
-0.0
-0.0
-0.0
-0.0
-0.0
-0.0
-0.0
0.099701307714
-0.0
-0.0
0.0339866541326
-0.0
-0.0
-0.0
-0.0
-0.0
-0.0
-0.0
-0.0
-0.0
-0.0
0.0539628714323
-0.0
-0.0
-0.0
-0.0
-0.0
-0.0
0.0193842500448
-0.0
-0.0
0.0529457144439
-0.0
-0.0
-0.0
-0.0
0.0107699213549
-0.0
-0.0
-0.0
0.0217486005276
-0.0
-0.0
0.109980292618
-0.0
-0.0
-0.0
-0.0
0.0843892917037
-0.0
-0.0
-0.0
-0.0
0.142137274146
-0.0
0.0326634980738
-0.0
-0.0
-0.0
-0.0
-0.0
-0.0
-0.0
-0.0
-0.0
-0.0
-0.0
-0.0
-0.0
0.0252532940358
-0.0
-0.0
0.0167538039386
-0.0
-0.0
-0.0
-0.0
-0.0
-0.0
-0.0
-0.0
-0.0
-0.0
0.176403954625
-0.0
-0.0
-0.0
-0.0
0.111511662602
-0.0
-0.0
0.0123617406934
-0.0
7.39762181183e-05
-0.0
0.0564263015985
-0.0
-0.0
-0.0
-0.0
-0.0
-0.0
-0.0
-0.0
0.0143429953605
-0.0
-0.0
0.239693522453
0.0976466163993
0.813479840755
-0.0
-0.0
0.00779767846689
-0.0
-0.0
0.0299642477185
-0.0
-0.0
0.34000068903
-0.0
-0.0
-0.0
-0.0
-0.0
-0.0
-0.0
-0.0
0.00101253087632
-0.0
-0.0
0.0423146560788
-0.0
-0.0
-0.0
-0.0
0.0570830255747
-0.0
-0.0
-0.0
0.0212129950523
0.00454105716199
-0.0
-0.0
-0.0
-0.0
-0.0
-0.0
-0.0
0.215628057718
-0.0
-0.0
-0.0
-0.0
-0.0
-0.0
0.212608888745
-0.0
0.0116303004324
0.025607984513
0.0206742957234
0.0355534367263
-0.0
-0.0
-0.0
-0.0
0.0276217292994
0.0677639096975
-0.0
0.257641941309
-0.0
0.127869576216
-0.0
0.00637997500598
-0.0
-0.0
-0.0
0.0490248128772
-0.0
-0.0
-0.0
-0.0
0.0806436985731
-0.0
-0.0
-0.0
0.00153553520795
-0.0
0.0428111702204
0.0811959430575
0.02014718391
-0.0
0.178623527288
-0.0
-0.0
-0.0
-0.0
-0.0
-0.0
0.716528952122
0.0240338873118
-0.0
0.0642547532916
-0.0
0.0330014936626
-0.0
-0.0
0.00938600953668
0.0971315279603
-0.0
-0.0
-0.0
0.00390047812834
-0.0
0.0358558483422
0.0892876908183
-0.0
-0.0
-0.0
-0.0
-0.0
-0.0
-0.0
-0.0
0.00639199698344
-0.0
-0.0
-0.0
0.0624468959868
-0.0
-0.0
-0.0
-0.0
-0.0
-0.0
0.0369293242693
-0.0
-0.0
-0.0
-0.0
0.128252521157
-0.0
-0.0
-0.0
-0.0
-0.0
-0.0
0.131820902228
0.0612620487809
-0.0
-0.0
-0.0
0.46015009284
-0.0
-0.0
0.179619863629
-0.0
-0.0
-0.0
-0.0
-0.0
0.040299333632
-0.0
-0.0
0.00296178436838
-0.0
0.0562005750835
0.0188316628337
0.0400641560555
-0.0
-0.0
-0.0
-0.0
-0.0
-0.0
0.132980823517
0.1072383672
-0.0
-0.0
-0.0
0.0592561624944
-0.0
-0.0
-0.0
-0.0
-0.0
-0.0
0.0155253745615
0.0305551737547
0.0226894710213
0.0177265871316
-0.0
-0.0
-0.0
-0.0
0.19056545198
-0.0
-0.0
-0.0
-0.0
-0.0
0.051646694541
-0.0
-0.0
-0.0
-0.0
-0.0
-0.0
-0.0
-0.0
-0.0
0.0773499459028
0.0412842929363
0.182697817683
-0.0
-0.0
-0.0
-0.0
-0.0
-0.0
-0.0
-0.0
-0.0
-0.0
-0.0
0.0480151437223
-0.0
0.0701892003417
-0.0
-0.0
-0.0
-0.0
-0.0
-0.0
-0.0
-0.0
-0.0
-0.0
-0.0
-0.0
-0.0
-0.0
-0.0
-0.0
-0.0
-0.0
0.111039459705
-0.0
0.680473208427
-0.0
-0.0
-0.0
-0.0
-0.0
-0.0
0.000860546133481
-0.0
0.952272355556
-0.0
-0.0
-0.0
0.233265191317
0.112397089601
-0.0
-0.0
0.0122304931283
-0.0
0.0197317879647
-0.0
-0.0
0.00619141338393
-0.0
-0.0
-0.0
-0.0
-0.0
-0.0
-0.0
-0.0
-0.0
-0.0
-0.0
-0.0
-0.0
-0.0
-0.0
0.0237547066063
-0.0
0.0209862478077
-0.0
-0.0
-0.0
-0.0
0.0407320857048
-0.0
0.00220615393482
-0.0
-0.0
0.0373247712851
-0.0
0.00769805163145
-0.0
-0.0
0.0576417036355
-0.0
-0.0
0.0681787207723
-0.0
-0.0
-0.0
-0.0
-0.0
-0.0
-0.0
0.263107120991
-0.0
0.16997808218
-0.0
-0.0
-0.0
0.11184104532
-0.0
-0.0
-0.0
0.0201643351465
-0.0
-0.0
0.0685184746981
-0.0
-0.0
-0.0
-0.0
0.0330798104405
-0.0
-0.0
-0.0
-0.0
0.0436219647527
-0.0
-0.0
-0.0
-0.0
0.0405396297574
0.0537244640291
-0.0
-0.0
-0.0
-0.0
-0.0
-0.0
-0.0
0.0248065926135
-0.0
-0.0
-0.0
-0.0
-0.0
-0.0
-0.0
0.0227104276419
0.0368874147534
-0.0
-0.0
-0.0
0.000894717406482
-0.0
-0.0
0.0221979320049
-0.0
-0.0
0.0323955453932
-0.0
-0.0
0.0178044699132
-0.0
-0.0
-0.0
-0.0
-0.0
-0.0
-0.0
-0.0
0.0484870411456
-0.0
-0.0
0.0228323340416
0.00776682468131
-0.0
-0.0
-0.0
-0.0
-0.0
-0.0
-0.0
-0.0
0.0564460493624
-0.0
-0.0
0.02747971192
-0.0
-0.0
-0.0
-0.0
-0.0
-0.0
-0.0
-0.0
-0.0
-0.0
-0.0
0.0396178103983
-0.0
-0.0
-0.0
-0.0
-0.0
-0.0
-0.0
-0.0
-0.0
-0.0
0.0183385722339
-0.0
-0.0
0.0882119461894
-0.0
-0.0
0.0174260195345
0.0668631643057
-0.0
-0.0
0.0171802807599
0.0480584725738
0.00597683247179
-0.0
-0.0
-0.0
-0.0
0.0177638269961
-0.0
-0.0
-0.0
-0.0
0.0535267516971
-0.0
-0.0
-0.0
-0.0
-0.0
0.000953616108745
-0.0
-0.0
0.0429841727018
-0.0
-0.0
-0.0
-0.0
0.474573910236
-0.0
-0.0
-0.0
0.399902880192
-0.0
-0.0
-0.0
-0.0
-0.0
-0.0
-0.0
-0.0
-0.0
-0.0
0.0337087623775
-0.0
0.0492166653275
-0.0
0.0356747992337
-0.0
-0.0
0.00647706678137
-0.0
-0.0
-0.0
-0.0
0.00244885799475
0.0309200771153
-0.0
-0.0
0.488025993109
0.112990736961
-0.0
-0.0
-0.0
-0.0
0.000862693879753
-0.0
0.0141550498083
-0.0
-0.0
-0.0
0.00265750172548
-0.0
-0.0
-0.0
-0.0
-0.0
0.186754077673
1.24027836323
-0.0
-0.0
0.0179580934346
-0.0
-0.0
-0.0
-0.0
-0.0
0.0622905530035
-0.0
0.0739174410701
-0.0
0.00477477768436
-0.0
-0.0
0.0545683689415
-0.0
-0.0
-0.0
-0.0
-0.0
0.116507641971
-0.0
-0.0
-0.0
-0.0
-0.0
0.0499356836081
-0.0
0.0373055562377
-0.0
-0.0
0.0104467272758
-0.0
0.281347751617
0.0659766569734
-0.0
-0.0
-0.0
-0.0
-0.0
-0.0
-0.0
-0.0
-0.0
-0.0
-0.0
-0.0
-0.0
-0.0
-0.0
-0.0
-0.0
-0.0
0.0315351448953
-0.0
-0.0
-0.0
-0.0
-0.0
-0.0
-0.0
-0.0
0.0298962295055
-0.0
0.0633016675711
-0.0
-0.0
-0.0
-0.0
-0.0
-0.0
-0.0
0.196168512106
-0.0
-0.0
-0.0
-0.0
-0.0
-0.0
-0.0
-0.0
-0.0
-0.0
-0.0
-0.0
-0.0
-0.0
-0.0
0.117939867079
0.0598878413439
-0.0
-0.0
-0.0
-0.0
-0.0
-0.0
0.0287751387805
0.0406508930027
-0.0
-0.0
-0.0
0.0250563472509
0.0724360495806
-0.0
-0.0
0.0163575652987
-0.0
0.0073639024049
0.0285204574466
-0.0
-0.0
-0.0
-0.0
-0.0
0.0195350367576
-0.0
-0.0
-0.0
0.00326903956011
0.141890600324
0.170092433691
-0.0
-0.0
-0.0
-0.0
-0.0
-0.0
0.198556318879
-0.0
0.0298189148307
-0.0
-0.0
-0.0
-0.0
0.0238153263927
-0.0
0.00840470660478
-0.0
-0.0
0.212414741516
-0.0
0.0293076764792
-0.0
-0.0
-0.0
-0.0
-0.0
0.00812049210072
0.118711136281
0.127152785659
-0.0
0.0375333614647
-0.0
-0.0
-0.0
-0.0
-0.0
-0.0
-0.0
-0.0
-0.0
0.0657742321491
-0.0
-0.0
-0.0
-0.0
-0.0
-0.0
-0.0
0.0201757084578
-0.0
0.00701108947396
0.00366809987463
-0.0
-0.0
-0.0
0.00892883446068
-0.0
-0.0
-0.0
0.0338357388973
-0.0
-0.0
-0.0
-0.0
0.667686283588
-0.0
1.01758825779
0.0192835461348
0.0846064984798
-0.0
-0.0
0.0456437394023
-0.0
-0.0
0.0188390444964
-0.0
-0.0
0.0454254485667
-0.0
-0.0
-0.0
0.106950260699
0.0174543634057
-0.0
0.114976935089
-0.0
0.165586471558
-0.0
-0.0
-0.0
-0.0
-0.0
-0.0
-0.0
0.016164265573
0.0214339345694
-0.0
0.264665991068
-0.0
-0.0
-0.0
-0.0
0.00016157279606
-0.0
-0.0
-0.0
-0.0
-0.0
-0.0
-0.0
-0.0
-0.0
0.0216117426753
-0.0
-0.0
0.409967213869
-0.0
-0.0
-0.0
0.128612041473
-0.0
-0.0
-0.0
-0.0
-0.0
-0.0
-0.0
-0.0
-0.0
0.0907540842891
-0.0
0.00935807079077
-0.0
0.209687158465
-0.0
-0.0
0.0139994388446
-0.0
-0.0
-0.0
-0.0
-0.0
0.0162210632116
0.0141339479014
-0.0
-0.0
-0.0
-0.0
-0.0
-0.0
-0.0
-0.0
-0.0
0.0133182378486
0.00118484708946
-0.0
-0.0
-0.0
-0.0
-0.0
0.00454393168911
-0.0
-0.0
0.121932201087
-0.0
-0.0
-0.0
-0.0
-0.0
-0.0
-0.0
-0.0
-0.0
-0.0
-0.0
0.0323256738484
-0.0
0.0777341499925
-0.0
0.0654538348317
-0.0
0.0315205045044
-0.0
0.0967889726162
0.00696443300694
-0.0
0.0315943397582
-0.0
-0.0
-0.0
-0.0
0.271906912327
-0.0
0.112988084555
0.155817106366
-0.0
-0.0
-0.0
-0.0
-0.0
0.00282544316724
-0.0
0.0329340100288
-0.0
-0.0
-0.0
-0.0
-0.0
-0.0
-0.0
0.0153677407652
-0.0
-0.0
-0.0
0.0634093210101
-0.0
-0.0
-0.0
-0.0
-0.0
-0.0
-0.0
-0.0
-0.0
-0.0
-0.0
-0.0
-0.0
-0.0
0.0227114260197
0.0720526427031
-0.0
0.0537909865379
0.0305662211031
0.0141328750178
0.00615455815569
-0.0
0.010297040455
-0.0
0.0959534347057
-0.0
-0.0
-0.0
-0.0
-0.0
-0.0
-0.0
-0.0
-0.0
-0.0
-0.0
-0.0
-0.0
-0.0
0.0181813687086
-0.0
-0.0
-0.0
-0.0
-0.0
-0.0
-0.0
-0.0
-0.0
0.00552624743432
0.138517230749
-0.0
-0.0
-0.0
-0.0
0.473559558392
-0.0
-0.0
-0.0
-0.0
-0.0
-0.0
-0.0
-0.0
-0.0
-0.0
-0.0
-0.0
-0.0
-0.0
-0.0
-0.0
0.0020653384272
0.249775707722
-0.0
-0.0
0.0115402890369
-0.0
0.286707252264
0.0383505672216
-0.0
0.0750435590744
-0.0
-0.0
-0.0
-0.0
-0.0
-0.0
0.228516727686
-0.0
-0.0
-0.0
0.0122638912871
-0.0
0.029017765075
-0.0
-0.0
-0.0
-0.0
0.0974946022034
-0.0
0.0234509687871
-0.0
-0.0
-0.0
-0.0
0.0820651873946
-0.0
0.00797990057617
-0.0
-0.0
-0.0
-0.0
0.0505985543132
0.0655976161361
-0.0
0.00473138736561
-0.0
-0.0
0.0100337294862
-0.0
-0.0
-0.0
-0.0
-0.0
-0.0
0.0127112222835
-0.0
-0.0
-0.0
0.00947983190417
-0.0
0.0320805795491
-0.0
0.0297048967332
0.00299155572429
0.0632770135999
-0.0
-0.0
-0.0
-0.0
-0.0
-0.0
0.170029371977
-0.0
-0.0
-0.0
-0.0
0.0101292757317
0.0324010252953
-0.0
-0.0
-0.0
-0.0
-0.0
-0.0
-0.0
0.0496198050678
-0.0
-0.0
-0.0
-0.0
-0.0
-0.0
-0.0
-0.0
-0.0
0.0625333636999
-0.0
-0.0
0.0346042811871
0.02085464634
0.00175492616836
-0.0
0.0463658198714
-0.0
-0.0
0.0252572223544
0.521038591862
-0.0
-0.0
-0.0
-0.0
-0.0
-0.0
-0.0
-0.0
0.122485823929
-0.0
0.0122187985107
-0.0
-0.0
-0.0
-0.0
0.000421075819759
-0.0
-0.0
-0.0
-0.0
-0.0
-0.0
-0.0
-0.0
-0.0
-0.0
0.0431726165116
-0.0
-0.0
-0.0
0.0225528609008
-0.0
-0.0
-0.0
-0.0
-0.0
-0.0
0.0219959020615
0.0152618661523
-0.0
-0.0
-0.0
-0.0
-0.0
0.176400870085
-0.0
-0.0
0.00890922546387
-0.0
-0.0
-0.0
-0.0
-0.0
-0.0
-0.0
-0.0
-0.0
-0.0
-0.0
-0.0
0.123728819191
0.213900193572
-0.0
-0.0
-0.0
-0.0
-0.0
-0.0
-0.0
-0.0
-0.0
-0.0
-0.0
-0.0
-0.0
0.213236793876
-0.0
0.0205125696957
-0.0
-0.0
-0.0
0.0503098480403
-0.0
-0.0
-0.0
-0.0
-0.0
-0.0
0.0345615260303
0.0398574769497
-0.0
-0.0
-0.0
-0.0
-0.0
-0.0
-0.0
-0.0
-0.0
-0.0
-0.0
0.03887661919
-0.0
-0.0
-0.0
-0.0
-0.0
1.04059934616
-0.0
-0.0
0.0395822562277
-0.0
-0.0
-0.0
-0.0
-0.0
0.123153321445
-0.0
-0.0
0.088614359498
-0.0
-0.0
-0.0
-0.0
-0.0
-0.0
-0.0
-0.0
-0.0
0.037764519453
-0.0
0.00182943441905
-0.0
-0.0
-0.0
-0.0
-0.0
-0.0
-0.0
-0.0
-0.0
0.055044978857
0.0829962193966
-0.0
-0.0
-0.0
-0.0
-0.0
-0.0
-0.0
-0.0
-0.0
-0.0
-0.0
-0.0
-0.0
-0.0
-0.0
-0.0
-0.0
-0.0
-0.0
0.0597923398018
0.0178130548447
-0.0
-0.0
0.0459021441638
-0.0
-0.0
0.00734787760302
-0.0
0.00761904334649
-0.0
-0.0
-0.0
-0.0
-0.0
0.0118742547929
-0.0
-0.0
-0.0
0.0541594512761
-0.0
-0.0
-0.0
-0.0
-0.0
-0.0
0.105377949774
-0.0
-0.0
0.023853790015
-0.0
0.0797071382403
-0.0
-0.0
-0.0
-0.0
-0.0
-0.0
-0.0
0.205835253
-0.0
0.0887167677283
0.269140809774
-0.0
0.0265680085868
0.0750390812755
-0.0
-0.0
-0.0
-0.0
-0.0
-0.0
-0.0
-0.0
-0.0
-0.0
-0.0
-0.0
-0.0
-0.0
-0.0
0.0370350331068
0.073801882565
-0.0
-0.0
-0.0
-0.0
0.0114474762231
-0.0
0.022605907172
0.0165934413671
-0.0
-0.0
-0.0
-0.0
-0.0
-0.0
-0.0
0.0194525867701
-0.0
-0.0
0.01303816773
0.0247930362821
0.173819005489
0.296957910061
-0.0
-0.0
-0.0
0.000926639768295
0.0599908977747
-0.0
-0.0
-0.0
-0.0
-0.0
-0.0
0.0406258031726
0.201595783234
0.00182969297748
-0.0
-0.0
-0.0
-0.0
-0.0
-0.0
0.202219069004
-0.0
-0.0
0.418514668941
0.441908150911
-0.0
-0.0
-0.0
-0.0
-0.0
-0.0
-0.0
-0.0
0.040423091501
-0.0
-0.0
-0.0
-0.0
-0.0
-0.0
0.0476440899074
0.0856302827597
-0.0
-0.0
-0.0
-0.0
-0.0
-0.0
0.0593482106924
-0.0
-0.0
0.78589707613
0.189603239298
0.0392508544028
-0.0
-0.0
-0.0
-0.0
-0.0
-0.0
0.112470604479
-0.0
-0.0
-0.0
0.0119458027184
-0.0
-0.0
-0.0
-0.0
-0.0
-0.0
-0.0
-0.0
0.015175646171
-0.0
-0.0
0.346660703421
-0.0
-0.0
0.0135193038732
-0.0
-0.0
0.043709307909
-0.0
-0.0
0.316352069378
-0.0
-0.0
-0.0
-0.0
-0.0
-0.0
-0.0
-0.0
-0.0
0.070444136858
-0.0
-0.0
-0.0
0.0574949458241
-0.0
-0.0
-0.0
0.00172222196124
-0.0
-0.0
0.0483238175511
0.330805182457
-0.0
-0.0
-0.0
-0.0
-0.0
-0.0
-0.0
-0.0
-0.0
-0.0
-0.0
-0.0
0.0955406203866
0.0625476613641
-0.0
-0.0
-0.0
-0.0
-0.0
-0.0
0.00122058670968
-0.0
-0.0
-0.0
-0.0
-0.0
0.0753242075443
-0.0
0.0907695293427
-0.0
-0.0
-0.0
-0.0
-0.0
-0.0
-0.0
-0.0
-0.0
-0.0
0.0130132324994
-0.0
-0.0
-0.0
-0.0
-0.0
-0.0
-0.0
0.0118848523125
-0.0
-0.0
-0.0
-0.0
-0.0
-0.0
-0.0
-0.0
-0.0
0.209568887949
-0.0
-0.0
0.160155013204
-0.0
-0.0
-0.0
-0.0
-0.0
-0.0
-0.0
0.126679480076
-0.0
-0.0
-0.0
0.0246640983969
-0.0
-0.0
-0.0
-0.0
-0.0
-0.0
0.123421818018
-0.0
-0.0
-0.0
-0.0
-0.0
0.00583964306861
-0.0
-0.0
-0.0
-0.0
-0.0
-0.0
-0.0
-0.0
-0.0
-0.0
-0.0
-0.0
-0.0
-0.0
0.66496604681
-0.0
